''' hard 25*25 sudoku (approximate 878 seconds --- 23840 recursive calls):
2 0 0 25 9 0 16 0 20 0 5 0 14 0 0 4 0 8 0 0 0 0 7 17 0
0 0 0 24 0 2 0 0 25 0 15 16 3 20 0 0 0 14 1 10 0 22 8 6 12
0 0 6 0 0 0 7 17 24 19 2 0 0 25 0 15 16 0 20 0 5 0 0 1 10
0 0 1 0 5 0 0 6 12 4 23 0 0 0 19 0 0 0 25 9 15 16 0 0 0
16 0 0 11 15 0 0 1 0 5 0 8 0 0 4 23 7 17 0 0 0 0 13 25 9
0 0 0 0 0 11 15 16 3 0 10 0 0 0 1 12 0 0 0 6 0 19 0 7 17
0 0 7 17 24 0 2 0 0 0 0 0 16 3 0 0 5 18 14 0 12 0 22 0 0
0 22 0 0 0 0 23 7 0 24 0 2 21 0 0 0 15 16 0 0 10 5 0 0 0
5 0 0 0 0 0 22 8 6 0 0 0 7 0 0 0 0 0 13 0 0 15 0 0 20
0 16 0 0 0 5 18 14 0 0 0 22 0 6 0 19 0 7 17 24 0 0 0 0 25
0 0 2 0 13 0 0 0 16 3 0 0 5 18 14 6 0 4 22 8 0 0 0 0 7
24 19 23 0 17 25 0 2 21 0 0 0 15 0 0 0 10 0 18 14 6 0 4 0 8
12 0 0 0 0 24 19 23 7 0 0 9 0 21 0 0 0 15 16 3 1 10 0 0 14
10 0 0 0 1 12 4 22 8 6 24 0 23 7 0 0 9 0 21 0 0 11 15 16 0
11 15 0 3 0 10 5 0 0 0 12 4 0 8 0 0 0 23 7 17 25 9 2 21 0
0 25 0 0 21 0 0 11 15 0 14 1 10 5 0 8 0 12 0 0 0 17 24 19 0
17 24 19 23 0 13 0 9 2 0 3 0 11 15 0 0 1 0 5 0 8 0 0 4 22
6 12 4 0 0 0 24 19 0 0 0 0 0 2 0 3 20 11 15 0 14 00 10 0 18
0 0 5 0 0 6 12 0 0 0 0 24 0 23 7 0 25 0 2 0 3 0 0 15 16
20 11 0 16 0 1 0 5 18 14 6 12 4 22 8 17 0 19 0 7 0 0 9 2 21
0 13 25 0 0 0 3 20 11 15 0 0 1 10 0 0 0 0 12 0 0 7 0 24 0
7 17 0 19 0 0 13 25 9 0 0 0 0 0 0 0 0 1 0 0 22 0 6 0 4
0 6 12 0 0 0 17 24 19 23 21 0 0 0 2 0 3 20 11 0 18 14 1 10 0
0 0 0 5 0 0 6 0 4 22 0 17 24 19 0 0 13 25 0 0 0 3 20 0 15
0 20 11 0 16 14 0 10 5 0 8 0 0 0 0 7 17 24 0 23 0 0 25 9 2
'''

''' easy 16*16 sudoku (approximate 0.12 seconds --- 1 recursive calls): 
0 15 0 1 0 2 10 14 12 0 0 0 0 0 0 0 
0 6 3 16 12 0 8 4 14 15 1 0 2 0 0 0 
14 0 9 7 11 3 15 0 0 0 0 0 0 0 0 0 
4 13 2 12 0 0 0 0 6 0 0 0 0 15 0 0 
0 0 0 0 14 1 11 7 3 5 10 0 0 8 0 12 
3 16 0 0 2 4 0 0 0 14 7 13 0 0 5 15 
11 0 5 0 0 0 0 0 0 9 4 0 0 6 0 0 
0 0 0 0 13 0 16 5 15 0 0 12 0 0 0 0 
0 0 0 0 9 0 1 12 0 8 3 10 11 0 15 0 
2 12 0 11 0 0 14 3 5 4 0 0 0 0 9 0 
6 3 0 4 0 0 13 0 0 11 9 1 0 12 16 2 
0 0 10 9 0 0 0 0 0 0 12 0 8 0 6 7 
12 8 0 0 16 0 0 10 0 13 0 0 0 5 0 0 
5 0 0 0 3 0 4 6 0 1 15 0 0 0 0 0 
0 9 1 6 0 14 0 11 0 0 2 0 0 0 10 8 
0 14 0 0 0 13 9 0 4 12 11 8 0 0 2 0 
'''
''' medium 16*16 sudoku (approximate 3.05 seconds --- 222 recursive calls): 
 0  3  2  0  0  8  1  0  0  9 12  0  0 11  4 15 
 0  0  0  0  0  0  0 16  3  0  0  0  0  0  0  0 
 4  9  0  0 15  0  0  5  7  0  0  6  0  0  8  3 
13  0  0 16  0  0 12  0  0  8 11  0  2  9  0  0 
 9  0 14  0  6  7  0  3 11  0  5 10  0 15  0  0 
 0  0  4  0  0  0  9  0  0  1  0  0  0  2  0  0 
 2 13  0  0 11  0 15  0  0  7  0  4  0  0 14 16 
 0  0 11  8 13 16  0  0  6  0  3 14  7  0  0  0 
 0  0  0  2 12  4  0 11  0  0  7 15  9  0  0  0 
 8  5  0  0 16  0  3  0  0  0  0 12  0  0  2  7 
 0  0  9  0  0  0  7  0  0 10  0  0  0  5  0  0 
16  0  1  0 14  5  0  2  4  0  8  0  0  0  0 11 
 0  0 12 13  0 14  8  0  0  0 15  0  3  1  0  0 
11  8  0  0  0  0  0  4 10  0  0  7  0  0 15 14 
 0  0  0  0  0  0  0 12  9  0  0  0  0  0  0  0 
 7  0 15  0  0 11  5  0  0 14  4  0  0 12 13  0 
'''
''' very hard, tricky and extreme shit, 16*16 sudoku (approximate 20 seconds --- 1668 recursive calls): 
11 0 5 0 0 12 0 0 13 0 0 10 0 0 0 0
0 13 0 0 0 0 5 0 1 0  14 0 2 0 0 0
0 0 0 9 0 0 0 2 0 5 0 0 14 0 7 0
4 0 12 0 8 0 0 0 0 0 0 16 0 10 0 0
0 9 0 11 0 0 4 0 3 6 0 0 0 0 0 7
6 0 8 0 10 13 0 16 0 0 11 0 15 0 9 0
0 3 0 0 0 0 2 0 15 0 0 0 0 13 0 1
16 0 0 2 0 1 0 5 0 14 0 8 0 0 0 0
0 0 16 0 13 4 0 0 0 0 0 0 0 0 12 0
0 0 10 3 0 7 0 0 5 0 16 0 9 0 0 15
15 0 11 0 1 0 0 9 0 2 0 3 0 4 0 0
0 0 0 0 0 0 8 0 0 0 4 0 10 0 0 0
2 0 4 0 0 0 0 0 0 0 0 12 0 0 5 0
0 12 0 13 0 0 0 1 0 0 10 0 0 3 0 8
8 0 9 0 4 0 3 0 0 7 0 0 11 0 13 0
0 5 0 14 0 0 0 11 0 0 1 6 0 0 0 10
'''
''' easy 9*9 sudoku (approximate 0.08 seconds --- 0 recursive calls): 
7 9 0 0 0 0 3 0 0
0 0 0 0 0 6 9 0 0
8 0 0 0 3 0 0 7 6
0 0 0 0 0 5 0 0 2
0 0 5 4 1 8 7 0 0
4 0 0 7 0 0 0 0 0
6 1 0 0 9 0 0 0 8
0 0 2 3 0 0 0 0 0
0 0 9 0 0 0 0 5 4
'''
''' easy, 9*9 sudoku (approximate 0.06 seconds --- 0 recursive calls): 
0 0 8 0 0 0 0 7 0
1 4 0 2 5 0 0 0 0
0 0 3 0 0 0 9 0 0
2 0 0 1 0 5 0 8 9
0 0 0 0 2 0 0 0 0
4 0 0 0 7 0 1 0 0
8 0 5 0 0 4 0 0 0
0 0 0 9 1 0 5 0 0
0 0 2 5 0 0 0 4 0
'''
''' medium, 9*9 sudoku (approximate 0.12 seconds --- 12 recursive calls): 
0 0 0 9 0 3 0 0 0
0 0 5 4 0 8 1 0 0
0 9 0 0 2 0 0 3 0
1 2 0 0 0 0 0 5 3
0 0 0 0 0 0 0 0 0
9 5 0 0 0 0 0 7 8
0 7 0 0 4 0 0 1 0
0 0 9 6 0 1 3 0 0
0 0 0 7 0 5 0 0 0
'''
''' hard, 9*9 sudoku (approximate 1.8 seconds --- 525 recursive calls): 
8 0 0 0 0 0 0 0 0
0 0 3 6 0 0 0 0 0
0 7 0 0 9 0 2 0 0
0 5 0 0 0 7 0 0 0
0 0 0 0 4 5 7 0 0
0 0 0 1 0 0 0 3 0
0 0 1 0 0 0 0 6 8
0 0 8 5 0 0 0 1 0
0 9 0 0 0 0 4 0 0
'''
''' very hard, 9*9 sudoku (approximate 0.2 seconds --- 46 recursive calls): 
1 0 0 0 0 7 0 9 0
0 3 0 0 2 0 0 0 8
0 0 9 6 0 0 5 0 0
0 0 5 3 0 0 9 0 0
0 1 0 0 8 0 0 0 2
6 0 0 0 0 4 0 0 0
3 0 0 0 0 0 0 1 0
0 4 0 0 0 0 0 0 7
0 0 7 0 0 0 3 0 0
'''
''' very hard, extreme shit, 9*9 sudoku (approximate 0.13 seconds --- 18 recursive calls): 
0 0 2 0 9 0 3 0 0
8 0 5 0 0 0 0 0 0
1 0 0 0 0 0 0 0 0
0 9 0 0 6 0 0 4 0
0 0 0 0 0 0 0 5 8
0 0 0 0 0 0 0 0 1
0 7 0 0 0 0 2 0 0
3 0 0 5 0 0 0 0 0
0 0 0 1 0 0 0 0 0
'''
''' 9*9 sudoku
0 1 0 0 2 0 3 0 0
0 0 4 0 0 5 0 6 0 
0 7 0 0 0 0 0 0 8 
0 0 6 9 0 0 0 7 0 
0 0 0 1 0 0 0 0 2 
0 3 0 0 4 8 0 0 0 
5 0 0 0 0 6 0 4 0 
0 0 0 8 0 0 1 0 6 
0 0 8 0 0 0 0 0 0
'''
''' 9*9 sudoku
0 0 0 4 2 7 0 0 0 
0 1 0 0 9 0 0 8 0 
0 0 0 0 0 0 0 0 0 
7 0 0 0 0 0 0 0 5 
1 2 0 0 3 0 0 4 6 
8 0 0 0 0 0 0 0 2 
0 0 0 0 0 0 0 0 0 
0 4 0 0 6 0 0 9 0 
0 0 0 7 1 5 0 0 0
'''
''' 9*9 sudoku
0 0 0 0 1 2 3 0 0 
0 0 0 4 0 0 0 0 0 
1 0 5 0 0 6 7 0 0 
3 0 6 0 0 0 0 5 0
7 0 0 0 6 0 0 0 8
0 2 0 0 0 0 1 0 9
0 0 1 5 0 0 8 0 2
0 0 0 0 0 1 0 0 0
0 0 3 9 8 0 0 0 0
'''
''' 9*9 sudoku
0 0 1 2 8 0 0 0 0
0 0 4 0 0 0 0 0 0
0 0 5 0 0 0 7 2 3
0 0 0 6 0 3 0 0 7
5 0 0 0 9 0 0 0 6
1 0 0 8 0 2 0 0 0
9 4 8 0 0 0 6 0 0
0 0 0 0 0 0 9 0 0
0 0 0 0 7 8 1 0 0
'''
''' 9*9 sudoku
0 0 0 1 2 3 0 0 0
0 0 0 4 0 5 0 0 0
0 0 2 0 0 0 4 0 0
6 3 0 0 0 0 0 5 4
5 0 0 0 0 0 0 0 7
7 8 0 0 0 0 0 6 9
0 0 8 0 0 0 1 0 0
0 0 0 7 0 6 0 0 0
0 0 0 5 3 1 0 0 0
'''
''' 9*9 sudoku
0 0 1 2 0 0 0 3 0
0 0 2 4 0 1 0 0 5
6 4 0 3 0 0 0 0 0
7 1 6 0 0 0 0 4 0
0 0 0 0 0 0 0 0 0
0 2 0 0 0 0 5 6 1
0 0 0 0 0 3 0 7 6
3 0 0 7 0 4 1 0 0
0 5 0 0 0 8 3 0 0
'''
''' 9*9 sudoku
0 1 0 0 0 0 0 2 0
2 3 0 0 0 0 0 4 5
0 0 0 6 0 2 0 0 0
0 0 7 2 1 8 3 0 0
0 0 0 4 0 7 0 0 0
0 0 8 9 3 6 2 0 0
0 0 0 1 0 9 0 0 0
5 8 0 0 0 0 0 1 6
0 7 0 0 0 0 0 3 0
'''
''' 9*9 sudoku
0 0 0 0 0 0 0 0 0
0 0 8 2 0 3 4 0 0
0 9 0 0 6 0 0 2 0
0 1 0 0 0 0 0 6 0
0 0 4 0 5 0 7 0 0
0 8 0 0 0 0 0 9 0
0 5 0 0 2 0 0 1 0
0 0 7 1 0 4 3 0 0
0 0 0 0 0 0 0 0 0
'''
''' 9*9 sudoku
0 0 0 0 0 0 0 0 0
0 1 0 2 3 4 0 5 0
0 0 2 0 0 0 6 0 0
0 4 0 7 0 5 0 2 0
0 5 0 0 0 0 0 1 0
0 6 0 4 0 1 0 8 0
0 0 8 0 0 0 3 0 0
0 3 0 1 6 8 0 9 0
0 0 0 0 0 0 0 0 0
'''
''' 9*9 sudoku
0 0 0 0 0 0 0 0 0
0 6 0 2 0 3 0 4 0
0 0 0 1 5 6 0 0 0
0 4 7 0 0 0 1 8 0
0 0 5 0 7 0 6 0 0
0 2 8 0 0 0 3 5 0
0 0 0 6 8 2 0 0 0
0 3 0 7 0 4 0 6 0
0 0 0 0 0 0 0 0 0
'''
''' 9*9 sudoku
0 0 0 0 0 0 0 0 0
0 0 5 0 2 0 3 0 0
0 2 0 6 0 1 0 8 0
0 0 2 0 5 0 7 0 0
0 5 0 2 6 7 0 3 0
0 0 8 0 9 0 4 0 0
0 3 0 4 0 5 0 6 0
0 0 4 0 8 0 9 0 0
0 0 0 0 0 0 0 0 0
'''
''' 9*9 sudoku
7 0 0 0 0 0 0 0 9
0 6 0 0 0 0 0 2 0
0 0 0 9 0 8 0 0 0
0 0 9 1 0 2 8 0 0
0 0 0 0 3 0 0 0 0
0 0 2 4 0 5 1 0 0
0 0 0 8 0 3 0 0 0
0 7 0 0 0 0 0 6 0
8 0 0 0 0 0 0 0 1
'''
''' 9*9 sudoku
0 1 0 0 0 0 0 2 0
0 0 3 0 0 0 4 0 0
0 0 0 4 0 5 0 0 0
0 0 5 0 6 0 7 0 0
0 8 0 0 0 0 0 1 0
0 0 2 0 5 0 8 0 0
0 0 0 9 0 1 0 0 0
0 0 6 0 0 0 2 0 0
0 9 0 0 0 0 0 3 0